4 0.10448016415868669 0.582720588235294 0.13088723861637683 0.22426470588235292
4 0.14351670900918506 0.24540441176470587 0.14236857533711159 0.21875
4 0.3633843072112566 0.12408088235294118 0.1527017783857729 0.22242647058823528
4 0.618844049247606 0.20220588235294112 0.13777604064881765 0.2058823529411764
4 0.8128786398280237 0.03400735294117647 0.1308872386163776 0.06801470588235294
4 0.9414573969122532 0.2729779411764705 0.11708520617549346 0.21507352941176502
4 0.9202291381668947 0.6507352941176471 0.10448016415868665 0.1875
4 0.6888802032440884 0.5303308823529411 0.13547977330467073 0.2150735294117646
4 0.7594904240766074 0.8731617647058824 0.13203537228845022 0.1985294117647058
4 0.48910494430330276 0.7389705882352945 0.1492573773695527 0.2426470588235298
4 0.37716191127613835 0.5183823529411764 0.1641831151065077 0.2647058823529414
4 0.2663670119210475 0.9126838235294116 0.14925737736955233 0.17463235294117638
