0 0.5562959558823529 0.7922794117647058 0.1116727941176471 0.25
0 0.6810661764705883 0.59375 0.12959558823529413 0.13970588235294115
0 0.66796875 0.650735294117647 0.12821691176470595 0.10294117647058826
0 0.667279411764706 0.7619485294117646 0.1020220588235295 0.11213235294117638
0 0.6686580882352942 0.8639705882352942 0.10477941176470601 0.0882352941176471
0 0.7989430147058818 0.8097426470588235 0.1557904411764704 0.2077205882352939
0 0.7603400735294119 0.6902573529411765 0.0647977941176471 0.06433823529411754
0 0.778952205882353 0.6599264705882354 0.06066176470588247 0.09558823529411768
0 0.7617187500000001 0.5946691176470589 0.0344669117647058 0.034926470588235364
0 0.06341911764705883 0.4338235294117647 0.10202205882352942 0.06985294117647058
0 0.06893382352941177 0.4981617647058823 0.11029411764705883 0.07352941176470587
0 0.0737591911764706 0.5661764705882353 0.10615808823529413 0.0625
0 0.05238970588235294 0.6369485294117647 0.10202205882352942 0.08639705882352942
0 0.1530330882352941 0.3299632352941177 0.09650735294117646 0.0643382352941176
0 0.2681525735294118 0.32904411764705876 0.07031249999999999 0.06617647058823527
0 0.23023897058823528 0.34375 0.05514705882352938 0.06617647058823525
0 0.14476102941176472 0.4494485294117647 0.057904411764705906 0.07169117647058826
0 0.17302389705882354 0.36397058823529416 0.08685661764705883 0.0625
