0 0.05514705882352942 0.7444852941176471 0.08333333333333334 0.1764705882352942
0 0.058210784313725485 0.8676470588235291 0.11642156862745097 0.08455882352941162
0 0.1746323529411765 0.42922794117647056 0.11642156862745098 0.07169117647058826
0 0.1715686274509804 0.4944852941176471 0.10539215686274511 0.07352941176470587
0 0.16605392156862744 0.5946691176470589 0.16544117647058826 0.13051470588235284
0 0.18443627450980393 0.7132352941176471 0.16299019607843138 0.1360294117647058
0 0.18443627450980393 0.8290441176470589 0.1507352941176471 0.11397058823529406
0 0.33639705882352944 0.30514705882352944 0.12377450980392155 0.1139705882352941
0 0.3345588235294116 0.42095588235294107 0.17156862745098017 0.12867647058823517
0 0.33394607843137253 0.5450367647058824 0.1727941176470587 0.13051470588235284
0 0.3204656862745097 0.6875 0.13112745098039208 0.15808823529411753
0 0.32046568627450983 0.8336397058823528 0.1237745098039214 0.16727941176470587
0 0.4718137254901961 0.84375 0.16176470588235298 0.12867647058823536
0 0.4669117647058823 0.7187500000000004 0.15931372549019593 0.1286764705882356
0 0.46262254901960786 0.5854779411764706 0.1335784313725491 0.15257352941176472
0 0.47365196078431376 0.43290441176470584 0.1090686274509804 0.15625
0 0.4705882352941177 0.302389705882353 0.11519607843137258 0.1084558823529412
0 0.4724264705882353 0.22334558823529413 0.08455882352941174 0.056985294117647065
0 0.5882352941176471 0.2959558823529412 0.125 0.11764705882352942
0 0.585171568627451 0.4071691176470588 0.10906862745098028 0.10845588235294117
0 0.5906862745098038 0.5330882352941178 0.12254901960784319 0.15808823529411764
0 0.5968137254901961 0.6810661764705883 0.12009803921568633 0.15257352941176472
0 0.6035539215686275 0.8299632352941176 0.09926470588235282 0.15257352941176477
0 0.7083333333333338 0.8216911764705883 0.11274509803921547 0.16176470588235273
0 0.9350490196078431 0.864889705882353 0.12990196078431365 0.10845588235294121
0 0.9405637254901962 0.7987132352941176 0.11887254901960788 0.07904411764705883
0 0.9411764705882354 0.7242647058823529 0.11764705882352942 0.06617647058823536
0 0.9307598039215687 0.6672794117647058 0.07965686274509806 0.06249999999999993
0 0.7132352941176471 0.676470588235294 0.11029411764705883 0.15441176470588233
0 0.7052696078431373 0.5523897058823529 0.08455882352941174 0.1194852941176471
0 0.7077205882352942 0.4375 0.11887254901960788 0.1139705882352942
0 0.6899509803921569 0.35202205882352944 0.0857843137254902 0.06066176470588232
0 0.8057598039215687 0.5386029411764706 0.1139705882352942 0.07352941176470587
0 0.8253676470588235 0.6259191176470589 0.11397058823529406 0.11580882352941188
0 0.8247549019607843 0.8262867647058824 0.1102941176470587 0.15257352941176477
0 0.8259803921568626 0.7159926470588234 0.11764705882352981 0.07904411764705915
