0 0.01885981665393429 0.2941176470588235 0.03771963330786857 0.11397058823529417
0 0.15653647822765468 0.38327205882352944 0.2527215431627196 0.1488970588235294
0 0.2671807359307359 0.4393382352941175 0.2954704609116374 0.1985294117647059
0 0.377196333078686 0.5459558823529411 0.2992424242424242 0.23529411764705885
0 0.8403202189966896 0.7729779411764707 0.31935956200662025 0.4540441176470585
0 0.8411478227654693 0.30606617647058815 0.24392029539088353 0.14154411764705868
0 0.6776960784313725 0.22334558823529413 0.14081996434937621 0.08272058823529413
0 0.45955086580086574 0.24080882352941177 0.15716513878278582 0.11029411764705883
0 0.3514212503183092 0.22150735294117646 0.10184300993124516 0.09007352941176468
0 0.27535332314744076 0.21875 0.06035141329258973 0.07352941176470587
0 0.20242869875222816 0.20772058823529413 0.0854978354978355 0.0625
