0 0.2081801470588235 0.35202205882352944 0.07720588235294117 0.06066176470588232
0 0.3122702205882353 0.3621323529411765 0.06755514705882348 0.04779411764705877
0 0.2653952205882353 0.4209558823529412 0.10340073529411763 0.08823529411764718
0 0.18887867647058823 0.4356617647058823 0.09375 0.0698529411764705
0 0.24747242647058812 0.5349264705882354 0.11994485294117639 0.1397058823529412
0 0.34329044117647056 0.4522058823529412 0.08272058823529413 0.06985294117647058
0 0.4025735294117647 0.43658088235294107 0.08547794117647042 0.1158088235294117
0 0.1868106617647059 0.5854779411764701 0.13097426470588236 0.11213235294117602
0 0.17991727941176472 0.7224264705882352 0.16957720588235298 0.17647058823529413
0 0.2316176470588235 0.8235294117647058 0.12959558823529413 0.13602941176470595
0 0.2867647058823529 0.6957720588235293 0.05238970588235305 0.11580882352941163
0 0.44875919117647034 0.6433823529411762 0.1447610294117657 0.09191176470588308
0 0.5556066176470589 0.6516544117647058 0.09650735294117649 0.10477941176470594
0 0.4129136029411764 0.796875 0.23299632352941133 0.2334558823529412
0 0.4590992647058823 0.9099264705882354 0.13786764705882348 0.15441176470588233
0 0.643152573529412 0.9163602941176471 0.17509191176470604 0.16727941176470576
0 0.7451746323529411 0.8446691176470589 0.17784926470588233 0.18933823529411767
0 0.6052389705882352 0.3474264705882353 0.08823529411764702 0.09558823529411768
0 0.64453125 0.42647058823529416 0.05101102941176471 0.07720588235294117
0 0.727251838235294 0.3869485294117647 0.11994485294117652 0.11580882352941174
0 0.7417279411764706 0.5091911764705883 0.1764705882352942 0.17647058823529413
