4 0.10789579503676468 0.5238970588235293 0.10544361787683824 0.12867647058823528
4 0.19740026137408076 0.3704044117647053 0.07846966911764724 0.13051470588235345
4 0.24153945025275722 0.6020220588235294 0.0809218462775735 0.1268382352941179
4 0.24215249454273902 0.12316176470588232 0.06988704905790419 0.10661764705882358
4 0.3972526999080881 0.18933823529411764 0.10053926355698549 0.14705882352941183
4 0.6191747328814345 0.3538602941176469 0.10299144071691194 0.16727941176470618
4 0.7773401596966899 0.42555147058823534 0.08337402343749988 0.12683823529411753
4 0.8024749755859366 0.17922794117647045 0.07479140337775712 0.1746323529411763
4 0.8772663789636935 0.32536764705882354 0.07969575769761031 0.13970588235294118
4 0.9036272834329024 0.6360294117647054 0.09318273207720564 0.11764705882353012
