0 0.3812217194570136 0.879276646556058 0.14479638009049778 0.24144670688788364
0 0.38518099547511314 0.7547699849170436 0.13009049773755663 0.11728255404726
0 0.44852941176470584 0.5845211161387631 0.11199095022624433 0.1664655605832076
0 0.6990950226244346 0.8446235545500247 0.1357466063348417 0.18727375565610885
0 0.6894796380090498 0.6677538964303669 0.11651583710407237 0.07566616390145803
0 0.6934389140271493 0.5637129210658619 0.09954751131221705 0.12484917043740572
0 0.6035067873303167 0.4908842383107088 0.08936651583710407 0.18727375565610857
0 0.623868778280543 0.4530511563599798 0.08257918552036188 0.14565736551030667
0 0.5978506787330317 0.3707642031171442 0.08257918552036195 0.05674962292609351
0 0.6097285067873304 0.3376602564102564 0.07239819004524897 0.03972473604826547
0 0.06843891402714933 0.34428104575163393 0.13687782805429866 0.17781548516842632
