4 0.14802631578947367 0.2840073529411765 0.08707430340557273 0.12316176470588212
4 0.23510061919504635 0.3345588235294117 0.07463511720477672 0.125
4 0.32466275984077825 0.4200367647058823 0.08458646616541385 0.1305147058823529
4 0.40738334807607257 0.4797794117647058 0.07836687306501545 0.10294117647058827
4 0.5006772445820434 0.48529411764705876 0.07587903582485617 0.12500000000000006
4 0.626934984520124 0.537683823529411 0.07214727996461733 0.12683823529411772
4 0.7407535382574081 0.5560661764705879 0.08085471030517494 0.11580882352941253
4 0.8446207430340555 0.6461397058823529 0.07961079168509538 0.11580882352941185
4 0.8931335692171608 0.7674632352941171 0.07961079168509506 0.11580882352941232
4 0.9471334586466166 0.9246323529411766 0.07836687306501555 0.10661764705882326
