0 0.15973630831642996 0.8060661764705883 0.2766861054766733 0.2959558823529411
0 0.284530299188641 0.669117647058823 0.25244041582150095 0.316176470588235
0 0.2773992139959432 0.47794117647058826 0.13834305273833672 0.12867647058823528
0 0.3016449036511156 0.36856617647058826 0.10981871196754564 0.10110294117647062
0 0.47778270791075045 0.3897058823529412 0.2938007099391481 0.24632352941176466
0 0.4948973123732248 0.551470588235294 0.16829361054766723 0.13235294117647065
0 0.4364224137931035 0.203125 0.15973630831643 0.13051470588235292
0 0.5291265212981745 0.0863970588235294 0.10268762677484755 0.10661764705882357
0 0.6496418610547667 0.1948529411764706 0.18398199797160245 0.15073529411764702
0 0.7680178752535494 0.37316176470588225 0.22391607505070973 0.20588235294117654
0 0.78809584178499 0.6608455882352944 0.4238083164300202 0.45404411764705876
0 0.517716784989858 0.7490808823529409 0.2852434077079109 0.284926470588236
