0 0.18486544415336983 0.1874999999999999 0.36973088830673967 0.3235294117647057
0 0.12525303643724697 0.5909926470588235 0.250506072874494 0.5091911764705883
0 0.22438378185282218 0.6902573529411764 0.12458323410335803 0.33639705882352905
0 0.5552661347939987 0.701286764705882 0.5559359371278877 0.597426470588235
0 0.3576744462967374 0.32169117647058826 0.20897832817337464 0.41544117647058826
0 0.6564062872112408 0.07352941176470588 0.39384377232674445 0.14705882352941177
0 0.5941146701595617 0.27481617647058837 0.27193974755894307 0.28125000000000017
0 0.8238568706834961 0.14522058823529405 0.21165753750893054 0.27205882352941163
0 0.8318944986901644 0.427389705882353 0.29203381757561314 0.33639705882352944
0 0.9102464872588709 0.7637867647058824 0.17950702548225744 0.4430147058823528
