0 0.047406317178034015 0.31709558823529377 0.09481263435606803 0.1231617647058822
0 0.1712948260699628 0.285845588235294 0.0998693081883916 0.09742647058823506
0 0.26547537619699035 0.2683823529411765 0.08849179206566347 0.05514705882352943
0 0.2680037131131521 0.7573529411764706 0.2654753761969903 0.3566176470588236
0 0.447515634160641 0.5955882352941176 0.18962526871213606 0.27205882352941174
0 0.4178076753957397 0.4365808823529412 0.12262434043384793 0.1341911764705882
0 0.36092009478209874 0.4172794117647058 0.12262434043384789 0.13970588235294107
0 0.43297769689271043 0.2876838235294118 0.1479077095954664 0.130514705882353
0 0.48164818252882535 0.35202205882352927 0.09607680281414895 0.11948529411764675
0 0.5954233437561071 0.25643382352941174 0.07079343365253074 0.056985294117647065
0 0.6156500390854016 0.31709558823529416 0.11124682431111978 0.11213235294117649
0 0.59984793335939 0.43382352941176466 0.1175676666015244 0.13602941176470568
0 0.6542071770568691 0.5238970588235294 0.16560606800859895 0.2316176470588236
0 0.7363781268321287 0.7959558823529409 0.408326411960132 0.4080882352941168
0 0.7224722737932382 0.2950367647058822 0.09986930818839201 0.07536764705882344
0 0.8773329099081495 0.3170955882352941 0.10871848739495751 0.08272058823529407
