0 0.16970690715310513 0.8106617647058825 0.33941381430621026 0.37867647058823517
0 0.6732937077269932 0.6810661764705883 0.09961057593769213 0.11213235294117652
0 0.6087312973970075 0.677389705882353 0.02951424472227913 0.0569852941176471
0 0.7009633121541299 0.5597426470588222 0.06640705062512789 0.049632352941176475
0 0.7095716335314612 0.5707720588235294 0.0639475302316049 0.05330882352941181
0 0.2564050010248001 0.42922794117647056 0.07255585160893627 0.06066176470588232
0 0.3006763681082189 0.5275735294117646 0.0774748923959828 0.07352941176470587
0 0.2318097970895675 0.520220588235294 0.03812256609961061 0.04779411764705877
0 0.290223406435745 0.5845588235294117 0.06640705062512808 0.0367647058823529
0 0.3824554211928674 0.9136029411764707 0.08854273416683746 0.16544117647058826
